   0.0230881   0.0000000   0.0000000   0.0000000   0.0000000   0.0000000   0.0000000   0.0000000   0.0000000   0.0000000   0.0000000
   0.0461762   0.0000000   0.0000000   0.0000000   0.0000000   0.0000000   0.0000000   0.0000000   0.0000000   0.0000000   0.0000000
   0.0692644   0.0000000   0.0000000   0.0000000   0.0000000   0.0000000   0.0000000   0.0000000   0.0000000   0.0000000   0.0000000
   0.0923525   0.0000000   0.0000000   0.0000000   0.0000000   0.0000000   0.0000000   0.0000000   0.0000000   0.0000000   0.0000000
   0.1154406   0.0000000   0.0000000   0.0000000   0.0000000   0.0000000   0.0000000   0.0000000   0.0000000   0.0000000   0.0000000
   0.1385287   0.0000000   0.0000000   0.0000000   0.0000000   0.0000000   0.0000000   0.0000000   0.0000000   0.0000000   0.0000000
   0.1616168   0.0000000   0.0000000   0.0000000   0.0000000   0.0000000   0.0000000   0.0000000   0.0000000   0.0000000   0.0000000
   0.1847049   0.0000000   0.0000000   0.0000000   0.0000000   0.0000000   0.0000000   0.0000000   0.0000000   0.0000000   0.0000000
   0.2077931   0.0000000   0.0000000   0.0000000   0.0000000   0.0000000   0.0000000   0.0000000   0.0000000   0.0000000   0.0000000
   0.2308812   0.0000000   0.0000000   0.0000000   0.0000000   0.0000000   0.0000000   0.0000000   0.0000000   0.0000000   0.0000000
   0.2539693   0.0000000   0.0000000   0.0000000   0.0000000   0.0000000   0.0000000   0.0000000   0.0000000   0.0000000   0.0000000
   0.2770574   0.0000000   0.0000000   0.0000000   0.0000000   0.0000000   0.0000000   0.0000000   0.0000000   0.0000000   0.0000000
   0.3001455   0.0000000   0.0000000   0.0000000   0.0000000   0.0000000   0.0000000   0.0000000   0.0000000   0.0000000   0.0000000
   0.3232337   0.0000000   0.0000000   0.0000000   0.0000000   0.0000000   0.0000000   0.0000000   0.0000000   0.0000000   0.0000000
   0.3463218   0.0000000   0.0000000   0.0000000   0.0000000   0.0000000   0.0000000   0.0000000   0.0000000   0.0000000   0.0000000
   0.3694099   0.0000000   0.0000000   0.0000000   0.0000000   0.0000000   0.0000000   0.0000000   0.0000000   0.0000000   0.0000000
   0.3924980   0.0000000   0.0000000   0.0000000   0.0000000   0.0000000   0.0000000   0.0000000   0.0000000   0.0000000   0.0000000
   0.4155861   0.0000000   0.0000000   0.0000000   0.0000000   0.0000000   0.0000000   0.0000000   0.0000000   0.0000000   0.0000000
   0.4386742   0.0000000   0.0000000   0.0000000   0.0000000   0.0000000   0.0000000   0.0000000   0.0000000   0.0000000   0.0000000
   0.4617624   0.0000000   0.0000000   0.0000000   0.0000000   0.0000000   0.0000000   0.0000000   0.0000000   0.0000000   0.0000000
   0.4848505   0.0000000   0.0000000   0.0000000   0.0000000   0.0000000   0.0000000   0.0000000   0.0000000   0.0000000   0.0000000
   0.5079386   0.0000000   0.0000000   0.0000000   0.0000000   0.0000000   0.0000000   0.0000000   0.0000000   0.0000000   0.0000000
   0.5310267   0.0000000   0.0000000   0.0000000   0.0000000   0.0000000   0.0000000   0.0000000   0.0000000   0.0000000   0.0000000
   0.5541148   0.0000000   0.0000000   0.0000000   0.0000000   0.0000000   0.0000000   0.0000000   0.0000000   0.0000000   0.0000000
   0.5772030   0.0000000   0.0000000   0.0000000   0.0000000   0.0000000   0.0000000   0.0000000   0.0000000   0.0000000   0.0000000
   0.6002911   0.0000000   0.0000000   0.0000000   0.0000000   0.0000000   0.0000000   0.0000000   0.0000000   0.0000000   0.0000000
   0.6233792   0.0000000   0.0000000   0.0000000   0.0000000   0.0000000   0.0000000   0.0000000   0.0000000   0.0000000   0.0000000
   0.6464673   0.0000000   0.0000000   0.0000000   0.0000000   0.0000000   0.0000000   0.0000000   0.0000000   0.0000000   0.0000000
   0.6695554   0.0000000   0.0000000   0.0000000   0.0000000   0.0000000   0.0000000   0.0000000   0.0000000   0.0000000   0.0000000
   0.6926435   0.0000000   0.0000000   0.0000000   0.0000000   0.0000000   0.0000000   0.0000000   0.0000000   0.0000000   0.0000000
   0.7157317   0.0000000   0.0000000   0.0000000   0.0000000   0.0000000   0.0000000   0.0000000   0.0000000   0.0000000   0.0000000
   0.7388198   0.0000000   0.0000000   0.0000000   0.0000000   0.0000000   0.0000000   0.0000000   0.0000000   0.0000000   0.0000000
   0.7619079   0.0000000   0.0000000   0.0000000   0.0000000   0.0000000   0.0000000   0.0000000   0.0000000   0.0000000   0.0000000
   0.7849960   0.0000000   0.0000000   0.0000000   0.0000000   0.0000000   0.0000000   0.0000000   0.0000000   0.0000000   0.0000000
   0.8080841   0.0000000   0.0000000   0.0000000   0.0000000   0.0000000   0.0000000   0.0000000   0.0000000   0.0000000   0.0000000
   0.8311723   0.0000000   0.0000000   0.0000000   0.0000000   0.0000000   0.0000000   0.0000000   0.0000000   0.0000000   0.0000000
   0.8542604   0.0000000   0.0000000   0.0000000   0.0000000   0.0000000   0.0000000   0.0000000   0.0000000   0.0000000   0.0000000
   0.8773485   0.0000000   0.0000000   0.0000000   0.0000000   0.0000000   0.0000000   0.0000000   0.0000000   0.0000000   0.0000000
   0.9004366   0.0000000   0.0000000   0.0000000   0.0000000   0.0000000   0.0000000   0.0000000   0.0000000   0.0000000   0.0000000
   0.9235247   0.0000000   0.0000000   0.0000000   0.0000000   0.0000000   0.0000000   0.0000000   0.0000000   0.0000000   0.0000000
   0.9466128   0.0000000   0.0000000   0.0000000   0.0000000   0.0000000   0.0000000   0.0000000   0.0000000   0.0000000   0.0000000
   0.9697010   0.0000000   0.0000000   0.0000000   0.0000000   0.0000000   0.0000000   0.0000000   0.0000000   0.0000000   0.0000000
   0.9927891   0.0000000   0.0000000   0.0000000   0.0000000   0.0000000   0.0000000   0.0000000   0.0000000   0.0000000   0.0000000
   1.0158772   0.0000000   0.0000000   0.0000000   0.0000000   0.0000000   0.0000000   0.0000000   0.0000000   0.0000000   0.0000000
   1.0389653   0.0000000   0.0000000   0.0000000   0.0000000   0.0000000   0.0000000   0.0000000   0.0000000   0.0000000   0.0000000
   1.0620534   0.0000000   0.0000000   0.0000000   0.0000000   0.0000000   0.0000000   0.0000000   0.0000000   0.0000000   0.0000000
   1.0851416   0.0000000   0.0000000   0.0000000   0.0000000   0.0000000   0.0000000   0.0000000   0.0000000   0.0000000   0.0000000
   1.1082297   0.0000000   0.0000000   0.0000000   0.0000000   0.0000000   0.0000000   0.0000000   0.0000000   0.0000000   0.0000000
   1.1313178   0.0000000   0.0000000   0.0000000   0.0000000   0.0000000   0.0000000   0.0000000   0.0000000   0.0000000   0.0000000
   1.1544059   0.0000000   0.0000000   0.0000000   0.0000000   0.0000000   0.0000000   0.0000000   0.0000000   0.0000000   0.0000000
   1.1774940   0.0000000   0.0000000   0.0000000   0.0000000   0.0000000   0.0000000   0.0000000   0.0000000   0.0000000   0.0000000
   1.2005821   0.0000000   0.0000000   0.0000000   0.0000000   0.0000000   0.0000000   0.0000000   0.0000000   0.0000000   0.0000000
   1.2236703   0.0000000   0.0000000   0.0000000   0.0000000   0.0000000   0.0000000   0.0000000   0.0000000   0.0000000   0.0000000
   1.2467584   0.0000000   0.0000000   0.0000000   0.0000000   0.0000000   0.0000000   0.0000000   0.0000000   0.0000000   0.0000000
   1.2698465   0.0000000   0.0000000   0.0000000   0.0000000   0.0000000   0.0000000   0.0000000   0.0000000   0.0000000   0.0000000
   1.2929346   0.0000000   0.0000000   0.0000000   0.0000000   0.0000000   0.0000000   0.0000000   0.0000000   0.0000000   0.0000000
   1.3160227   0.0000000   0.0000000   0.0000000   0.0000000   0.0000000   0.0000000   0.0000000   0.0000000   0.0000000   0.0000000
   1.3391109   0.0000000   0.0000000   0.0000000   0.0000000   0.0000000   0.0000000   0.0000000   0.0000000   0.0000000   0.0000000
   1.3621990   0.0000000   0.0000000   0.0000000   0.0000000   0.0000000   0.0000000   0.0000000   0.0000000   0.0000000   0.0000000
   1.3852871   0.0000000   0.0000000   0.0000000   0.0000000   0.0000000   0.0000000   0.0000000   0.0000000   0.0000000   0.0000000
   1.4083752   0.0000000   0.0000000   0.0000000   0.0000000   0.0000000   0.0000000   0.0000000   0.0000000   0.0000000   0.0000000
   1.4314633   0.0000000   0.0000000   0.0000000   0.0000000   0.0000000   0.0000000   0.0000000   0.0000000   0.0000000   0.0000000
   1.4545514   0.0000000   0.0000000   0.0000000   0.0000000   0.0000000   0.0000000   0.0000000   0.0000000   0.0000000   0.0000000
   1.4776396   0.0000000   0.0000000   0.0000000   0.0000000   0.0000000   0.0000000   0.0000000   0.0000000   0.0000000   0.0000000
   1.5007277   0.0000000   0.0000000   0.0000000   0.0000000   0.0000000   0.0000000   0.0000000   0.0000000   0.0000000   0.0000000
   1.5238158   0.0000000   0.0000000   0.0000000   0.0000000   0.0000000   0.0000000   0.0000000   0.0000000   0.0000000   0.0000000
   1.5469039   0.0000000   0.0000000   0.0000000   0.0000000   0.0000000   0.0000000   0.0000000   0.0000000   0.0000000   0.0000000
   1.5699920   0.0000000   0.0000000   0.0000000   0.0000000   0.0000000   0.0000000   0.0000000   0.0000000   0.0000000   0.0000000
   1.5930802   0.0000000   0.0000000   0.0000000   0.0000000   0.0000000   0.0000000   0.0000000   0.0000000   0.0000000   0.0000000
   1.6161683   0.0000000   0.0000000   0.0000000   0.0000000   0.0000000   0.0000000   0.0000000   0.0000000   0.0000000   0.0000000
   1.6392564   0.0000000   0.0000000   0.0000000   0.0000000   0.0000000   0.0000000   0.0000000   0.0000000   0.0000000   0.0000000
   1.6623445   0.0000000   0.0000000   0.0000000   0.0000000   0.0000000   0.0000000   0.0000000   0.0000000   0.0000000   0.0000000
   1.6854326   0.0000000   0.0000000   0.0000000   0.0000000   0.0000000   0.0000000   0.0000000   0.0000000   0.0000000   0.0000000
   1.7085207   0.0000000   0.0000000   0.0000000   0.0000000   0.0000000   0.0000000   0.0000000   0.0000000   0.0000000   0.0000000
   1.7316089   0.0000000   0.0000000   0.0000000   0.0000000   0.0000000   0.0000000   0.0000000   0.0000000   0.0000000   0.0000000
   1.7546970   0.0000000   0.0000000   0.0000000   0.0000000   0.0000000   0.0000000   0.0000000   0.0000000   0.0000000   0.0000000
   1.7777851   0.0000000   0.0000000   0.0000000   0.0000000   0.0000000   0.0000000   0.0000000   0.0000000   0.0000000   0.0000000
   1.8008732   0.0000000   0.0000000   0.0000000   0.0000000   0.0000000   0.0000000   0.0000000   0.0000000   0.0000000   0.0000000
   1.8239613   0.0000000   0.0000000   0.0000000   0.0000000   0.0000000   0.0000000   0.0000000   0.0000000   0.0000000   0.0000000
   1.8470495   0.0000000   0.0000000   0.0000000   0.0000000   0.0000000   0.0000000   0.0000000   0.0000000   0.0000000   0.0000000
   1.8701376   0.0000000   0.0000000   0.0000000   0.0000000   0.0000000   0.0000000   0.0000000   0.0000000   0.0000000   0.0000000
   1.8932257   0.0000000   0.0000000   0.0000000   0.0000000   0.0000000   0.0000000   0.0000000   0.0000000   0.0000000   0.0000000
   1.9163138   0.0000000   0.0000000   0.0000000   0.0000000   0.0000000   0.0000000   0.0000000   0.0000000   0.0000000   0.0000000
   1.9394019   0.0000000   0.0000000   0.0000000   0.0000000   0.0000000   0.0000000   0.0000000   0.0000000   0.0000000   0.0000000
   1.9624900   0.0000000   0.0000000   0.0000000   0.0000000   0.0000000   0.0000000   0.0000000   0.0000000   0.0000000   0.0000000
   1.9855782   0.0000000   0.0000000   0.0000000   0.0000000   0.0000000   0.0000000   0.0000000   0.0000000   0.0000000   0.0000000
   2.0086663   0.0000000   0.0000000   0.0000000   0.0000000   0.0000000   0.0000000   0.0000000   0.0000000   0.0000000   0.0000000
   2.0317544   0.0000000   0.0000000   0.0000000   0.0000000   0.0000000   0.0000000   0.0000000   0.0000000   0.0000000   0.0000000
   2.0548425   0.0000000   0.0000000   0.0000000   0.0000000   0.0000000   0.0000000   0.0000000   0.0000000   0.0000000   0.0000000
   2.0779306   0.0000000   0.0000000   0.0000000   0.0000000   0.0000000   0.0000000   0.0000000   0.0000000   0.0000000   0.0000000
   2.1010188   0.0000000   0.0000000   0.0000000   0.0000000   0.0000000   0.0000000   0.0000000   0.0000000   0.0000000   0.0000000
   2.1241069   0.0000000   0.0000000   0.0000000   0.0000000   0.0000000   0.0000000   0.0000000   0.0000000   0.0000000   0.0000000
   2.1471950   0.0000000   0.0000000   0.0000000   0.0000000   0.0000000   0.0000000   0.0000000   0.0000000   0.0000000   0.0000000
   2.1702831   0.0000000   0.0000000   0.0000000   0.0000000   0.0000000   0.0000000   0.0000000   0.0000000   0.0000000   0.0000000
   2.1933712   0.0000000   0.0000000   0.0000000   0.0000000   0.0000000   0.0000000   0.0000000   0.0000000   0.0000000   0.0000000
   2.2164593   0.0000000   0.0000000   0.0000000   0.0000000   0.0000000   0.0000000   0.0000000   0.0000000   0.0000000   0.0000000
   2.2395475   0.0000000   0.0000000   0.0000000   0.0000000   0.0000000   0.0000000   0.0000000   0.0000000   0.0000000   0.0000000
   2.2626356   0.0000000   0.0000000   0.0000000   0.0000000   0.0000000   0.0000000   0.0000000   0.0000000   0.0000000   0.0000000
   2.2857237   0.0000000   0.0000000   0.0000000   0.0000000   0.0000000   0.0000000   0.0000000   0.0000000   0.0000000   0.0000000
   2.3088118   0.0000000   0.0000000   0.0000000   0.0000000   0.0000000   0.0000000   0.0000000   0.0000000   0.0000000   0.0000000
   2.3318999   0.0000000   0.0000000   0.0000000   0.0000000   0.0000000   0.0000000   0.0000000   0.0000000   0.0000000   0.0000000
   2.3549881   0.0000000   0.0000000   0.0000000   0.0000000   0.0000000   0.0000000   0.0000000   0.0000000   0.0000000   0.0000000
   2.3780762   0.0000000   0.0000000   0.0000000   0.0000000   0.0000000   0.0000000   0.0000000   0.0000000   0.0000000   0.0000000
   2.4011643   0.0000000   0.0000000   0.0000000   0.0000000   0.0000000   0.0000000   0.0000000   0.0000000   0.0000000   0.0000000
   2.4242524   0.0000000   0.0000000   0.0000000   0.0000000   0.0000000   0.0000000   0.0000000   0.0000000   0.0000000   0.0000000
   2.4473405   0.0000000   0.0000000   0.0000000   0.0000000   0.0000000   0.0000000   0.0000000   0.0000000   0.0000000   0.0000000
   2.4704286   0.0000000   0.0000000   0.0000000   0.0000000   0.0000000   0.0000000   0.0000000   0.0000000   0.0000000   0.0000000
   2.4935168   0.0000000   0.0000000   0.0000000   0.0000000   0.0000000   0.0000000   0.0000000   0.0000000   0.0000000   0.0000000
   2.5166049   0.0000000   0.0000000   0.0000000   0.0000000   0.0000000   0.0000000   0.0000000   0.0000000   0.0000000   0.0000001
   2.5396930   0.0000000   0.0000000   0.0000000   0.0000000   0.0000000   0.0000000   0.0000000   0.0000000   0.0000000   0.0000001
   2.5627811   0.0000000   0.0000000   0.0000000   0.0000000   0.0000000   0.0000000   0.0000000   0.0000000   0.0000000   0.0000001
   2.5858692   0.0000000   0.0000000   0.0000000   0.0000000   0.0000000   0.0000000   0.0000000   0.0000000   0.0000000   0.0000002
   2.6089574   0.0000000   0.0000000   0.0000000   0.0000000   0.0000000   0.0000000   0.0000000   0.0000000   0.0000000   0.0000002
   2.6320455   0.0000000   0.0000000   0.0000000   0.0000000   0.0000000   0.0000000   0.0000000   0.0000000   0.0000000   0.0000003
   2.6551336   0.0000000   0.0000000   0.0000000   0.0000000   0.0000000   0.0000000   0.0000000   0.0000000   0.0000000   0.0000004
   2.6782217   0.0000000   0.0000000   0.0000000   0.0000000   0.0000000   0.0000000   0.0000000   0.0000000   0.0000000   0.0000006
   2.7013098   0.0000000   0.0000000   0.0000000   0.0000000   0.0000000   0.0000000   0.0000000   0.0000000   0.0000001   0.0000008
   2.7243979   0.0000000   0.0000000   0.0000000   0.0000000   0.0000000   0.0000000   0.0000000   0.0000000   0.0000001   0.0000011
   2.7474861   0.0000000   0.0000000   0.0000000   0.0000000   0.0000000   0.0000000   0.0000000   0.0000000   0.0000001   0.0000014
   2.7705742   0.0000000   0.0000000   0.0000000   0.0000000   0.0000000   0.0000000   0.0000000   0.0000000   0.0000002   0.0000019
   2.7936623   0.0000000   0.0000000   0.0000000   0.0000000   0.0000000   0.0000000   0.0000000   0.0000000   0.0000003   0.0000026
   2.8167504   0.0000000   0.0000000   0.0000000   0.0000000   0.0000000   0.0000000   0.0000000   0.0000000   0.0000004   0.0000035
   2.8398385   0.0000000   0.0000000   0.0000000   0.0000000   0.0000000   0.0000000   0.0000000   0.0000000   0.0000006   0.0000046
   2.8629267   0.0000000   0.0000000   0.0000000   0.0000000   0.0000000   0.0000000   0.0000000   0.0000001   0.0000008   0.0000061
   2.8860148   0.0000000   0.0000000   0.0000000   0.0000000   0.0000000   0.0000000   0.0000000   0.0000001   0.0000011   0.0000080
   2.9091029   0.0000000   0.0000000   0.0000000   0.0000000   0.0000000   0.0000000   0.0000000   0.0000001   0.0000016   0.0000105
   2.9321910   0.0000000   0.0000000   0.0000000   0.0000000   0.0000000   0.0000000   0.0000000   0.0000002   0.0000022   0.0000137
   2.9552791   0.0000000   0.0000000   0.0000000   0.0000000   0.0000000   0.0000000   0.0000000   0.0000003   0.0000031   0.0000178
   2.9783672   0.0000000   0.0000000   0.0000000   0.0000000   0.0000000   0.0000000   0.0000000   0.0000004   0.0000042   0.0000231
   3.0014554   0.0000000   0.0000000   0.0000000   0.0000000   0.0000000   0.0000000   0.0000000   0.0000006   0.0000058   0.0000298
   3.0245435   0.0000000   0.0000000   0.0000000   0.0000000   0.0000000   0.0000000   0.0000000   0.0000008   0.0000078   0.0000382
   3.0476316   0.0000000   0.0000000   0.0000000   0.0000000   0.0000000   0.0000000   0.0000001   0.0000012   0.0000106   0.0000489
   3.0707197   0.0000000   0.0000000   0.0000000   0.0000000   0.0000000   0.0000000   0.0000001   0.0000018   0.0000143   0.0000623
   3.0938078   0.0000000   0.0000000   0.0000000   0.0000000   0.0000000   0.0000000   0.0000001   0.0000026   0.0000191   0.0000790
   3.1168960   0.0000000   0.0000000   0.0000000   0.0000000   0.0000000   0.0000000   0.0000002   0.0000037   0.0000255   0.0000998
   3.1399841   0.0000000   0.0000000   0.0000000   0.0000000   0.0000000   0.0000000   0.0000004   0.0000053   0.0000338   0.0001255
   3.1630722   0.0000000   0.0000000   0.0000000   0.0000000   0.0000000   0.0000000   0.0000005   0.0000075   0.0000446   0.0001571
   3.1861603   0.0000000   0.0000000   0.0000000   0.0000000   0.0000000   0.0000000   0.0000009   0.0000106   0.0000586   0.0001959
   3.2092484   0.0000000   0.0000000   0.0000000   0.0000000   0.0000000   0.0000000   0.0000013   0.0000149   0.0000765   0.0002434
   3.2323365   0.0000000   0.0000000   0.0000000   0.0000000   0.0000000   0.0000001   0.0000020   0.0000207   0.0000993   0.0003010
   3.2554247   0.0000000   0.0000000   0.0000000   0.0000000   0.0000000   0.0000001   0.0000031   0.0000286   0.0001283   0.0003707
   3.2785128   0.0000000   0.0000000   0.0000000   0.0000000   0.0000000   0.0000002   0.0000047   0.0000393   0.0001649   0.0004546
   3.3016009   0.0000000   0.0000000   0.0000000   0.0000000   0.0000000   0.0000003   0.0000071   0.0000535   0.0002109   0.0005552
   3.3246890   0.0000000   0.0000000   0.0000000   0.0000000   0.0000000   0.0000005   0.0000105   0.0000725   0.0002683   0.0006753
   3.3477771   0.0000000   0.0000000   0.0000000   0.0000000   0.0000000   0.0000009   0.0000154   0.0000976   0.0003395   0.0008179
   3.3708653   0.0000000   0.0000000   0.0000000   0.0000000   0.0000000   0.0000014   0.0000225   0.0001305   0.0004273   0.0009866
   3.3939534   0.0000000   0.0000000   0.0000000   0.0000000   0.0000000   0.0000024   0.0000326   0.0001734   0.0005352   0.0011851
   3.4170415   0.0000000   0.0000000   0.0000000   0.0000000   0.0000001   0.0000039   0.0000468   0.0002288   0.0006669   0.0014176
   3.4401296   0.0000000   0.0000000   0.0000000   0.0000000   0.0000001   0.0000063   0.0000666   0.0002999   0.0008266   0.0016888
   3.4632177   0.0000000   0.0000000   0.0000000   0.0000000   0.0000002   0.0000100   0.0000940   0.0003905   0.0010193   0.0020036
   3.4863058   0.0000000   0.0000000   0.0000000   0.0000000   0.0000004   0.0000158   0.0001314   0.0005051   0.0012506   0.0023673
   3.5093940   0.0000000   0.0000000   0.0000000   0.0000000   0.0000008   0.0000247   0.0001822   0.0006492   0.0015264   0.0027855
   3.5324821   0.0000000   0.0000000   0.0000000   0.0000000   0.0000016   0.0000380   0.0002504   0.0008289   0.0018536   0.0032641
   3.5555702   0.0000000   0.0000000   0.0000000   0.0000000   0.0000029   0.0000579   0.0003411   0.0010513   0.0022393   0.0038094
   3.5786583   0.0000000   0.0000000   0.0000000   0.0000000   0.0000052   0.0000871   0.0004609   0.0013249   0.0026916   0.0044277
   3.6017464   0.0000000   0.0000000   0.0000000   0.0000001   0.0000091   0.0001296   0.0006172   0.0016587   0.0032188   0.0051254
   3.6248346   0.0000000   0.0000000   0.0000000   0.0000001   0.0000159   0.0001904   0.0008195   0.0020631   0.0038297   0.0059090
   3.6479227   0.0000000   0.0000000   0.0000000   0.0000003   0.0000272   0.0002766   0.0010789   0.0025494   0.0045335   0.0067849
   3.6710108   0.0000000   0.0000000   0.0000000   0.0000008   0.0000457   0.0003970   0.0014081   0.0031300   0.0053396   0.0077592
   3.6940989   0.0000000   0.0000000   0.0000000   0.0000017   0.0000755   0.0005632   0.0018221   0.0038180   0.0062573   0.0088378
   3.7171870   0.0000000   0.0000000   0.0000000   0.0000036   0.0001228   0.0007895   0.0023376   0.0046272   0.0072961   0.0100260
   3.7402751   0.0000000   0.0000000   0.0000000   0.0000075   0.0001962   0.0010939   0.0029736   0.0055719   0.0084647   0.0113287
   3.7633633   0.0000000   0.0000000   0.0000000   0.0000151   0.0003083   0.0014979   0.0037503   0.0066664   0.0097717   0.0127497
   3.7864514   0.0000000   0.0000000   0.0000001   0.0000298   0.0004762   0.0020271   0.0046899   0.0079251   0.0112244   0.0142923
   3.8095395   0.0000000   0.0000000   0.0000002   0.0000572   0.0007232   0.0027112   0.0058153   0.0093613   0.0128294   0.0159584
   3.8326276   0.0000000   0.0000000   0.0000006   0.0001070   0.0010796   0.0035840   0.0071499   0.0109878   0.0145918   0.0177490
   3.8557157   0.0000000   0.0000000   0.0000017   0.0001948   0.0015846   0.0046827   0.0087168   0.0128154   0.0165151   0.0196636
   3.8788039   0.0000000   0.0000000   0.0000048   0.0003453   0.0022867   0.0060473   0.0105382   0.0148531   0.0186008   0.0217003
   3.9018920   0.0000000   0.0000000   0.0000127   0.0005960   0.0032441   0.0077191   0.0126338   0.0171071   0.0208485   0.0238556
   3.9249801   0.0000000   0.0000000   0.0000319   0.0010019   0.0045249   0.0097392   0.0150203   0.0195805   0.0232553   0.0261247
   3.9480682   0.0000000   0.0000000   0.0000766   0.0016397   0.0062054   0.0121467   0.0177100   0.0222730   0.0258158   0.0285007
   3.9711563   0.0000000   0.0000001   0.0001753   0.0026131   0.0083672   0.0149757   0.0207096   0.0251801   0.0285222   0.0309755
   3.9942444   0.0000000   0.0000003   0.0003827   0.0040550   0.0110930   0.0182528   0.0240194   0.0282930   0.0313639   0.0335390
   4.0173326   0.0000000   0.0000016   0.0007971   0.0061270   0.0144610   0.0219943   0.0276322   0.0315983   0.0343274   0.0361797
   4.0404207   0.0000000   0.0000073   0.0015833   0.0090149   0.0185375   0.0262037   0.0315323   0.0350780   0.0373968   0.0388845
   4.0635088   0.0000000   0.0000306   0.0029992   0.0129158   0.0233684   0.0308685   0.0356957   0.0387093   0.0405537   0.0416390
   4.0865969   0.0000000   0.0001157   0.0054185   0.0180197   0.0289713   0.0359594   0.0400892   0.0424653   0.0437773   0.0444275
   4.1096850   0.0000000   0.0003935   0.0093363   0.0244823   0.0353270   0.0414280   0.0446714   0.0463146   0.0470450   0.0472333
   4.1327732   0.0000000   0.0012030   0.0153424   0.0323936   0.0423737   0.0472079   0.0493926   0.0502226   0.0503322   0.0500388
   4.1558613   0.0000000   0.0033063   0.0240459   0.0417444   0.0500030   0.0532146   0.0541964   0.0541517   0.0536133   0.0528258
   4.1789494   0.0000006   0.0081677   0.0359433   0.0523978   0.0580607   0.0593487   0.0590207   0.0580620   0.0568616   0.0555759
   4.2020375   0.0000149   0.0181365   0.0512428   0.0640716   0.0663509   0.0654985   0.0637999   0.0619127   0.0600504   0.0582705
   4.2251256   0.0002365   0.0362001   0.0696783   0.0763379   0.0746451   0.0715450   0.0684664   0.0656626   0.0631527   0.0608911
   4.2482137   0.0024508   0.0649477   0.0903722   0.0886452   0.0826956   0.0773664   0.0729531   0.0692713   0.0661425   0.0634201
   4.2713019   0.0165775   0.1047412   0.1118120   0.1003636   0.0902515   0.0828443   0.0771955   0.0727002   0.0689948   0.0658401
   4.2943900   0.0732029   0.1518345   0.1319885   0.1108488   0.0970769   0.0878688   0.0811340   0.0759134   0.0716861   0.0681352
   4.3174781   0.2110246   0.1978443   0.1487034   0.1195180   0.1029678   0.0923442   0.0847157   0.0788788   0.0741953   0.0702906
   4.3405662   0.3971305   0.2317296   0.1599939   0.1259243   0.1077680   0.0961928   0.0878964   0.0815684   0.0765034   0.0722928
   4.3636543   0.4878979   0.2439839   0.1645721   0.1298177   0.1113793   0.0993589   0.0906416   0.0839596   0.0785943   0.0741304
   4.3867425   0.3913093   0.2309561   0.1621547   0.1311790   0.1137674   0.1018105   0.0929279   0.0860351   0.0804549   0.0757934
   4.4098306   0.2048835   0.1966735   0.1535787   0.1302202   0.1149610   0.1035398   0.0947431   0.0877832   0.0820754   0.0772742
   4.4329187   0.0700309   0.1510155   0.1406572   0.1273493   0.1150456   0.1045627   0.0960865   0.0891982   0.0834490   0.0785668
   4.4560068   0.0156267   0.1054972   0.1258063   0.1231041   0.1141514   0.1049165   0.0969678   0.0902802   0.0845724   0.0796679
   4.4790949   0.0022771   0.0692890   0.1115379   0.1180694   0.1124392   0.1046564   0.0974070   0.0910343   0.0854456   0.0805758
   4.5021830   0.0002325   0.0473996   0.0999488   0.1127899   0.1100844   0.1038524   0.0974323   0.0914709   0.0860714   0.0812912
   4.5252712   0.0002445   0.0410550   0.0923274   0.1076977   0.1072625   0.1025840   0.0970790   0.0916046   0.0864559   0.0818170
   4.5483593   0.0021800   0.0489053   0.0889607   0.1030659   0.1041366   0.1009364   0.0963874   0.0914534   0.0866074   0.0821579
   4.5714474   0.0134205   0.0677453   0.0891724   0.0989963   0.1008495   0.0989960   0.0954010   0.0910384   0.0865369   0.0823206
   4.5945355   0.0539486   0.0925560   0.0915636   0.0954413   0.0975198   0.0968466   0.0941646   0.0903826   0.0862575   0.0823138
   4.6176236   0.1415756   0.1167053   0.0943920   0.0922523   0.0942419   0.0945662   0.0927223   0.0895104   0.0857839   0.0821476
   4.6407118   0.2425451   0.1331976   0.0959948   0.0892444   0.0910888   0.0922242   0.0911163   0.0884465   0.0851323   0.0818340
   4.6637999   0.2712640   0.1368947   0.0951638   0.0862599   0.0881165   0.0898794   0.0893850   0.0872158   0.0843203   0.0813861
   4.6868880   0.1980557   0.1265339   0.0913914   0.0832192   0.0853679   0.0875788   0.0875620   0.0858424   0.0833661   0.0808185
   4.7099761   0.0944014   0.1051769   0.0849454   0.0801476   0.0828761   0.0853566   0.0856758   0.0843494   0.0822890   0.0801468
   4.7330642   0.0293745   0.0787054   0.0767701   0.0771735   0.0806649   0.0832339   0.0837489   0.0827585   0.0811086   0.0793876
   4.7561523   0.0059681   0.0533102   0.0682497   0.0744998   0.0787471   0.0812189   0.0817981   0.0810905   0.0798450   0.0785585
   4.7792405   0.0007935   0.0334840   0.0609000   0.0723556   0.0771217   0.0793075   0.0798348   0.0793645   0.0785188   0.0776777
   4.8023286   0.0000712   0.0214512   0.0560539   0.0709384   0.0757694   0.0774847   0.0778659   0.0775988   0.0771507   0.0767638
   4.8254167   0.0000116   0.0178597   0.0546008   0.0703611   0.0746496   0.0757258   0.0758944   0.0758108   0.0757618   0.0758363
   4.8485048   0.0000988   0.0227986   0.0568181   0.0706129   0.0736982   0.0739991   0.0739212   0.0740178   0.0743733   0.0749146
   4.8715929   0.0010696   0.0362060   0.0623133   0.0715439   0.0728292   0.0722686   0.0719465   0.0722372   0.0730069   0.0740185
   4.8946811   0.0076336   0.0573215   0.0700833   0.0728750   0.0719388   0.0704969   0.0699710   0.0704870   0.0716845   0.0731678
   4.9177692   0.0355762   0.0836296   0.0786818   0.0742333   0.0709131   0.0686490   0.0679979   0.0687865   0.0704284   0.0723820
   4.9408573   0.1082397   0.1102807   0.0864717   0.0752037   0.0696388   0.0666959   0.0660346   0.0671565   0.0692610   0.0716807
   4.9639454   0.2149854   0.1308760   0.0919204   0.0753902   0.0680142   0.0646184   0.0640934   0.0656197   0.0682049   0.0710827
   4.9870335   0.2787577   0.1396475   0.0938808   0.0744726   0.0659612   0.0624105   0.0621934   0.0642010   0.0672829   0.0706065
   5.0101216   0.2359611   0.1339460   0.0917943   0.0722520   0.0634351   0.0600821   0.0603610   0.0629274   0.0665175   0.0702697
   5.0332098   0.1303916   0.1154863   0.0857672   0.0686759   0.0604326   0.0576614   0.0586299   0.0618278   0.0659310   0.0700886
   5.0562979   0.0470386   0.0895017   0.0765031   0.0638406   0.0569954   0.0551957   0.0570416   0.0609327   0.0655449   0.0700788
   5.0793860   0.0110778   0.0623493   0.0651144   0.0579727   0.0532108   0.0527518   0.0556444   0.0602737   0.0653797   0.0702540
   5.1024741   0.0017031   0.0390418   0.0528700   0.0513951   0.0492083   0.0504145   0.0544924   0.0598827   0.0654545   0.0706265
   5.1255622   0.0001709   0.0219750   0.0409474   0.0444840   0.0451539   0.0482844   0.0536436   0.0597910   0.0657866   0.0712066
   5.1486504   0.0000112   0.0111180   0.0302496   0.0376268   0.0412414   0.0464740   0.0531582   0.0600283   0.0663909   0.0720026
   5.1717385   0.0000005   0.0050562   0.0213183   0.0311879   0.0376838   0.0451037   0.0530958   0.0606216   0.0672795   0.0730206
   5.1948266   0.0000000   0.0020669   0.0143422   0.0254863   0.0347036   0.0442962   0.0535127   0.0615937   0.0684614   0.0742641
   5.2179147   0.0000000   0.0007595   0.0092356   0.0207890   0.0325234   0.0441700   0.0544592   0.0629627   0.0699419   0.0757342
   5.2410028   0.0000000   0.0002509   0.0057511   0.0173173   0.0313574   0.0448337   0.0559764   0.0647404   0.0717224   0.0774293
   5.2640909   0.0000000   0.0000746   0.0035945   0.0152632   0.0314022   0.0463791   0.0580937   0.0669316   0.0738001   0.0793450
   5.2871791   0.0000000   0.0000205   0.0025239   0.0148093   0.0328288   0.0488749   0.0608264   0.0695333   0.0761679   0.0814743
   5.3102672   0.0000000   0.0000080   0.0024262   0.0161464   0.0357733   0.0523613   0.0641736   0.0725346   0.0788141   0.0838076
   5.3333553   0.0000000   0.0000157   0.0033749   0.0194810   0.0403266   0.0568450   0.0681173   0.0759157   0.0817228   0.0863326
   5.3564434   0.0000000   0.0000613   0.0056723   0.0250296   0.0465251   0.0622962   0.0726216   0.0796491   0.0848738   0.0890346
   5.3795315   0.0000000   0.0002281   0.0098724   0.0329955   0.0543396   0.0686462   0.0776333   0.0836991   0.0882432   0.0918967
   5.4026197   0.0000000   0.0007652   0.0167707   0.0435287   0.0636672   0.0757884   0.0830828   0.0880233   0.0918035   0.0948999
   5.4257078   0.0000000   0.0023081   0.0273360   0.0566744   0.0743246   0.0835800   0.0888863   0.0925731   0.0955244   0.0980236
   5.4487959   0.0000000   0.0062580   0.0425620   0.0723155   0.0860465   0.0918471   0.0949489   0.0972955   0.0993731   0.1012459
   5.4718840   0.0000016   0.0152512   0.0632272   0.0901226   0.0984900   0.1003918   0.1011679   0.1021343   0.1033153   0.1045435
   5.4949721   0.0000364   0.0334098   0.0895886   0.1095222   0.1112463   0.1090005   0.1074368   0.1070319   0.1073157   0.1078927
   5.5180602   0.0005469   0.0657873   0.1210696   0.1296948   0.1238605   0.1174552   0.1136498   0.1119309   0.1113388   0.1112695
   5.5411484   0.0053671   0.1164418   0.1560425   0.1496118   0.1358580   0.1255449   0.1197060   0.1167757   0.1153495   0.1146496
   5.5642365   0.0343874   0.1852570   0.1918116   0.1681131   0.1467774   0.1330770   0.1255135   0.1215144   0.1193141   0.1180094
   5.5873246   0.1438328   0.2649350   0.2248707   0.1840189   0.1562061   0.1398889   0.1309933   0.1260996   0.1232004   0.1213260
   5.6104127   0.3927462   0.3405673   0.2514330   0.1962637   0.1638154   0.1458572   0.1360818   0.1304899   0.1269788   0.1245773
   5.6335008   0.7001027   0.3935187   0.2681370   0.2040331   0.1693915   0.1509053   0.1407332   0.1346505   0.1306221   0.1277428
   5.6565890   0.8147174   0.4087207   0.2727520   0.2068811   0.1728580   0.1550072   0.1449202   0.1385538   0.1341066   0.1308034
   5.6796771   0.6189390   0.3815812   0.2646867   0.2048087   0.1742865   0.1581878   0.1486339   0.1421795   0.1374116   0.1337418
   5.7027652   0.3069618   0.3202185   0.2451487   0.1982883   0.1738950   0.1605199   0.1518823   0.1455141   0.1405200   0.1365427
   5.7258533   0.0993840   0.2415502   0.2169142   0.1882286   0.1720306   0.1621172   0.1546887   0.1485508   0.1434180   0.1391927
   5.7489414   0.0210061   0.1637888   0.1837867   0.1758833   0.1691399   0.1631239   0.1570878   0.1512886   0.1460953   0.1416805
   5.7720295   0.0028985   0.0998575   0.1499159   0.1627168   0.1657290   0.1637028   0.1591223   0.1537311   0.1485447   0.1439971
   5.7951177   0.0002611   0.0548305   0.1191664   0.1502436   0.1623166   0.1640209   0.1608393   0.1558859   0.1507621   0.1461354
   5.8182058   0.0000154   0.0274316   0.0946770   0.1398641   0.1593859   0.1642362   0.1622856   0.1577630   0.1527460   0.1480906
   5.8412939   0.0000006   0.0134829   0.0786553   0.1327159   0.1573396   0.1644844   0.1635044   0.1593742   0.1544974   0.1498598
   5.8643820   0.0000000   0.0091140   0.0723590   0.1295573   0.1564637   0.1648684   0.1645323   0.1607319   0.1560193   0.1514420
   5.8874701   0.0000005   0.0126859   0.0761620   0.1306951   0.1569028   0.1654511   0.1653966   0.1618483   0.1573168   0.1528379
   5.9105583   0.0000141   0.0253803   0.0896083   0.1359628   0.1586501   0.1662512   0.1661142   0.1627353   0.1583965   0.1540502
   5.9336464   0.0002395   0.0506055   0.1114123   0.1447508   0.1615535   0.1672438   0.1666913   0.1634035   0.1592664   0.1550826
   5.9567345   0.0026622   0.0921540   0.1394362   0.1560842   0.1653342   0.1683645   0.1671240   0.1638631   0.1599357   0.1559407
   5.9798226   0.0193171   0.1511918   0.1707363   0.1687394   0.1696192   0.1695168   0.1674004   0.1641231   0.1604147   0.1566308
   6.0029107   0.0915040   0.2230435   0.2017715   0.1813871   0.1739802   0.1705824   0.1675028   0.1641923   0.1607146   0.1571605
   6.0259988   0.2829662   0.2957950   0.2288230   0.1927428   0.1779769   0.1714338   0.1674106   0.1640797   0.1608472   0.1575380
   6.0490870   0.5712484   0.3526603   0.2485813   0.2017076   0.1811985   0.1719459   0.1671044   0.1637951   0.1608255   0.1577724
   6.0721751   0.7528544   0.3781046   0.2587662   0.2074796   0.1833006   0.1720089   0.1665684   0.1633494   0.1606626   0.1578730
   6.0952632   0.6477278   0.3648738   0.2585958   0.2096208   0.1840332   0.1715388   0.1657944   0.1627555   0.1603725   0.1578494
   6.1183513   0.3638059   0.3177693   0.2489393   0.2080727   0.1832579   0.1704855   0.1647833   0.1620287   0.1599692   0.1577114
   6.1414394   0.1333973   0.2517527   0.2320792   0.2031193   0.1809543   0.1688386   0.1635477   0.1611863   0.1594671   0.1574685
   6.1645276   0.0319601   0.1855946   0.2111340   0.1953095   0.1772156   0.1666290   0.1621122   0.1602483   0.1588804   0.1571300
   6.1876157   0.0053771   0.1348140   0.1893057   0.1853554   0.1722362   0.1639288   0.1605132   0.1592367   0.1582232   0.1567045
   6.2107038   0.0038566   0.1072662   0.1691705   0.1740265   0.1662919   0.1608462   0.1587977   0.1581751   0.1575088   0.1562001
   6.2337919   0.0189204   0.1023849   0.1522125   0.1620610   0.1597180   0.1575190   0.1570212   0.1570879   0.1567495   0.1556239
   6.2568800   0.0695623   0.1131004   0.1387086   0.1501074   0.1528848   0.1541060   0.1552446   0.1559991   0.1559565   0.1549820
   6.2799681   0.1672526   0.1290420   0.1279578   0.1387021   0.1461744   0.1507761   0.1535308   0.1549315   0.1551393   0.1542792
   6.3030563   0.2625283   0.1400869   0.1187479   0.1282806   0.1399593   0.1476974   0.1519405   0.1539056   0.1543052   0.1535192
   6.3261444   0.2690142   0.1395036   0.1098953   0.1192089   0.1345830   0.1450263   0.1505286   0.1529380   0.1534594   0.1527044
   6.3492325   0.1799575   0.1257448   0.1006996   0.1118215   0.1303430   0.1428965   0.1493402   0.1520407   0.1526044   0.1518354
   6.3723206   0.0785887   0.1021522   0.0912067   0.1064488   0.1274756   0.1414105   0.1484074   0.1512199   0.1517400   0.1509117
   6.3954087   0.0224050   0.0747906   0.0822444   0.1034215   0.1261429   0.1406321   0.1477467   0.1504757   0.1508632   0.1499313
   6.4184969   0.0041699   0.0496996   0.0752574   0.1030476   0.1264219   0.1405813   0.1473571   0.1498012   0.1499681   0.1488908
   6.4415850   0.0005067   0.0310845   0.0720060   0.1055628   0.1282962   0.1412323   0.1472197   0.1491828   0.1490459   0.1477857
   6.4646731   0.0000403   0.0211924   0.0741995   0.1110659   0.1316517   0.1425139   0.1472977   0.1486005   0.1480854   0.1466102
   6.4877612   0.0000041   0.0214838   0.0831210   0.1194526   0.1362775   0.1443127   0.1475381   0.1480280   0.1470732   0.1453578
   6.5108493   0.0000397   0.0339826   0.0992922   0.1303654   0.1418728   0.1464790   0.1478741   0.1474345   0.1459942   0.1440213
   6.5339374   0.0005651   0.0616072   0.1222231   0.1431738   0.1480616   0.1488355   0.1482282   0.1467850   0.1448317   0.1425929
   6.5570256   0.0053756   0.1067920   0.1502983   0.1569964   0.1544137   0.1511872   0.1485160   0.1460423   0.1435686   0.1410649
   6.5801137   0.0335147   0.1686926   0.1808543   0.1707649   0.1604722   0.1533328   0.1486506   0.1451685   0.1421877   0.1394295
   6.6032018   0.1365114   0.2405002   0.2104814   0.1833266   0.1657849   0.1550766   0.1485474   0.1441264   0.1406722   0.1376793
   6.6262899   0.3630666   0.3090997   0.2355321   0.1935694   0.1699374   0.1562398   0.1481275   0.1428813   0.1390065   0.1358078
   6.6493780   0.6306310   0.3584943   0.2527525   0.2005505   0.1725840   0.1566714   0.1473227   0.1414024   0.1371769   0.1338092
   6.6724662   0.7166910   0.3760028   0.2598935   0.2036088   0.1734735   0.1562559   0.1460778   0.1396641   0.1351720   0.1316790
   6.6955543   0.5388076   0.3578526   0.2561435   0.2024406   0.1724678   0.1549200   0.1443539   0.1376470   0.1329828   0.1294141
   6.7186424   0.2853640   0.3106590   0.2422618   0.1971276   0.1695490   0.1526355   0.1421295   0.1353391   0.1306040   0.1270129
   6.7417305   0.1398614   0.2479209   0.2203750   0.1881129   0.1648179   0.1494192   0.1394013   0.1327355   0.1280331   0.1244755
   6.7648186   0.0964878   0.1839996   0.1934980   0.1761301   0.1584805   0.1453305   0.1361836   0.1298391   0.1252715   0.1218039
   6.7879067   0.0765717   0.1292826   0.1649152   0.1621002   0.1508273   0.1404656   0.1325072   0.1266600   0.1223238   0.1190017
   6.8109949   0.0484649   0.0886425   0.1375836   0.1470137   0.1422056   0.1349503   0.1284171   0.1232152   0.1191981   0.1160746
   6.8340830   0.0220125   0.0626580   0.1136914   0.1318181   0.1329901   0.1289305   0.1239697   0.1195276   0.1159056   0.1130298
   6.8571711   0.0077753   0.0496290   0.0944481   0.1173267   0.1235527   0.1225625   0.1192296   0.1156253   0.1124605   0.1098765
   6.8802592   0.0069822   0.0468493   0.0801076   0.1041595   0.1142361   0.1160035   0.1142663   0.1115400   0.1088793   0.1066252
   6.9033473   0.0229910   0.0509211   0.0701758   0.0927194   0.1053328   0.1094026   0.1091506   0.1073061   0.1051806   0.1032878
   6.9264355   0.0617278   0.0578254   0.0637211   0.0831995   0.0970700   0.1028926   0.1039514   0.1029593   0.1013847   0.0998777
   6.9495236   0.1091598   0.0634667   0.0597009   0.0756139   0.0896025   0.0965849   0.0987330   0.0985355   0.0975128   0.0964091
   6.9726117   0.1260611   0.0647713   0.0572292   0.0698402   0.0830114   0.0905652   0.0935529   0.0940696   0.0935869   0.0928970
   6.9956998   0.0950386   0.0607766   0.0557337   0.0656633   0.0773091   0.0848916   0.0884598   0.0895946   0.0896290   0.0893571
   7.0187879   0.0467755   0.0530023   0.0549817   0.0628140   0.0724487   0.0795953   0.0834929   0.0851413   0.0856612   0.0858056
   7.0418760   0.0150379   0.0448079   0.0549882   0.0609965   0.0683355   0.0746825   0.0786816   0.0807368   0.0817047   0.0822588
   7.0649642   0.0032862   0.0400273   0.0558481   0.0599070   0.0648417   0.0701381   0.0740455   0.0764053   0.0777801   0.0787330
   7.0880523   0.0017209   0.0414686   0.0575566   0.0592451   0.0618198   0.0659299   0.0695956   0.0721673   0.0739069   0.0752444
   7.1111404   0.0081470   0.0497916   0.0598801   0.0587225   0.0591162   0.0620138   0.0653352   0.0680400   0.0701035   0.0718090
   7.1342285   0.0332951   0.0630742   0.0623222   0.0580721   0.0565836   0.0583395   0.0612618   0.0640374   0.0663870   0.0684424
   7.1573166   0.0892417   0.0772585   0.0641984   0.0570606   0.0540905   0.0548551   0.0573686   0.0601708   0.0627733   0.0651596
   7.1804048   0.1561637   0.0874896   0.0647910   0.0555026   0.0515294   0.0515116   0.0536464   0.0564494   0.0592772   0.0619750
   7.2034929   0.1783974   0.0899613   0.0635327   0.0532753   0.0488221   0.0482666   0.0500851   0.0528807   0.0559121   0.0589024
   7.2265810   0.1330432   0.0834433   0.0601564   0.0503290   0.0459220   0.0450873   0.0466754   0.0494713   0.0526907   0.0559549
   7.2496691   0.0647728   0.0696562   0.0547632   0.0466913   0.0428141   0.0419514   0.0434100   0.0462270   0.0496248   0.0531447
   7.2727572   0.0205867   0.0522891   0.0477925   0.0424622   0.0395131   0.0388486   0.0402847   0.0431538   0.0467252   0.0504834
   7.2958453   0.0042715   0.0352878   0.0399095   0.0378006   0.0360585   0.0357798   0.0372989   0.0402581   0.0440022   0.0479816
   7.3189335   0.0005786   0.0214072   0.0318504   0.0329034   0.0325093   0.0327564   0.0344561   0.0375469   0.0414656   0.0456490
   7.3420216   0.0000512   0.0116735   0.0242744   0.0279807   0.0289368   0.0297984   0.0317639   0.0350282   0.0391247   0.0434945
   7.3651097   0.0000030   0.0057220   0.0176599   0.0232327   0.0254179   0.0269331   0.0292340   0.0327112   0.0369882   0.0415260
   7.3881978   0.0000001   0.0025211   0.0122622   0.0188287   0.0220287   0.0241926   0.0268816   0.0306060   0.0350643   0.0397504
   7.4112859   0.0000000   0.0009985   0.0081282   0.0148946   0.0188389   0.0216118   0.0247250   0.0287235   0.0333606   0.0381734
   7.4343741   0.0000000   0.0003557   0.0051498   0.0115065   0.0159082   0.0192274   0.0227847   0.0270752   0.0318842   0.0367998
   7.4574622   0.0000000   0.0001148   0.0031303   0.0086922   0.0132835   0.0170757   0.0210832   0.0256730   0.0306412   0.0356331
   7.4805503   0.0000000   0.0000361   0.0018458   0.0064388   0.0109991   0.0151920   0.0196437   0.0245287   0.0296367   0.0346754
   7.5036384   0.0000000   0.0000187   0.0010879   0.0047027   0.0090776   0.0136099   0.0184893   0.0236534   0.0288745   0.0339276
   7.5267265   0.0000000   0.0000294   0.0006869   0.0034221   0.0075324   0.0123610   0.0176427   0.0230569   0.0283571   0.0333893
   7.5498146   0.0000000   0.0000667   0.0005175   0.0025284   0.0063716   0.0114751   0.0171246   0.0227475   0.0280852   0.0330583
   7.5729028   0.0000002   0.0001439   0.0004935   0.0019569   0.0056019   0.0109798   0.0169538   0.0227313   0.0280578   0.0329311
   7.5959909   0.0000028   0.0002805   0.0005580   0.0016550   0.0052323   0.0109008   0.0171454   0.0230113   0.0282714   0.0330027
   7.6190790   0.0000260   0.0004918   0.0006735   0.0015890   0.0052781   0.0112615   0.0177107   0.0235875   0.0287206   0.0332664
   7.6421671   0.0001606   0.0007749   0.0008153   0.0017501   0.0057630   0.0120828   0.0186560   0.0244560   0.0293973   0.0337139
   7.6652552   0.0006463   0.0010976   0.0009692   0.0021587   0.0067207   0.0133817   0.0199820   0.0256089   0.0302911   0.0343355
   7.6883434   0.0016980   0.0013974   0.0011348   0.0028679   0.0081933   0.0151703   0.0216827   0.0270337   0.0313890   0.0351199
   7.7114315   0.0029125   0.0015993   0.0013345   0.0039659   0.0102298   0.0174539   0.0237451   0.0287137   0.0326754   0.0360546
   7.7345196   0.0032613   0.0016457   0.0016293   0.0055759   0.0128807   0.0202287   0.0261486   0.0306273   0.0341326   0.0371258
   7.7576077   0.0023840   0.0015245   0.0021382   0.0078517   0.0161919   0.0234798   0.0288644   0.0327488   0.0357405   0.0383185
   7.7806958   0.0011377   0.0012791   0.0030629   0.0109687   0.0201964   0.0271789   0.0318555   0.0350481   0.0374772   0.0396171
   7.8037839   0.0003544   0.0010034   0.0047101   0.0151072   0.0249060   0.0312823   0.0350772   0.0374918   0.0393192   0.0410053
   7.8268721   0.0000721   0.0008446   0.0075027   0.0204295   0.0303018   0.0357299   0.0384773   0.0400431   0.0412419   0.0424661
   7.8499602   0.0000096   0.0010584   0.0119689   0.0270507   0.0363269   0.0404444   0.0419969   0.0426632   0.0432198   0.0439828
   7.8730483   0.0000008   0.0021580   0.0186910   0.0350056   0.0428802   0.0453326   0.0455723   0.0453116   0.0452277   0.0455385
   7.8961364   0.0000002   0.0051624   0.0282059   0.0442175   0.0498145   0.0502867   0.0491363   0.0479477   0.0472401   0.0471171
   7.9192245   0.0000034   0.0118504   0.0408563   0.0544742   0.0569378   0.0551880   0.0526200   0.0505315   0.0492329   0.0487028
   7.9423127   0.0000647   0.0247725   0.0566169   0.0654166   0.0640198   0.0599111   0.0559558   0.0530247   0.0511831   0.0502812
   7.9654008   0.0008150   0.0466642   0.0749376   0.0765472   0.0708034   0.0643298   0.0590793   0.0553920   0.0530699   0.0518390
   7.9884889   0.0067102   0.0790496   0.0946637   0.0872599   0.0770197   0.0683227   0.0619319   0.0576021   0.0548748   0.0533642
   8.0115770   0.0360824   0.1203797   0.1140871   0.0968907   0.0824069   0.0717806   0.0644634   0.0596285   0.0565821   0.0548468
   8.0346651   0.1266827   0.1647833   0.1311548   0.1047851   0.0867301   0.0746125   0.0666339   0.0614506   0.0581795   0.0562785
   8.0577532   0.2903736   0.2027562   0.1438109   0.1103718   0.0898010   0.0767513   0.0684159   0.0630538   0.0596580   0.0576530
   8.0808414   0.4345102   0.2242512   0.1504003   0.1132333   0.0914945   0.0781587   0.0697951   0.0644308   0.0610123   0.0589662
   8.1039295   0.4244642   0.2229433   0.1500228   0.1131608   0.0917621   0.0788281   0.0707718   0.0655808   0.0622409   0.0602158
   8.1270176   0.2706940   0.1992297   0.1427377   0.1101837   0.0906377   0.0787862   0.0713603   0.0665101   0.0633460   0.0614019
   8.1501057   0.1126969   0.1600353   0.1295511   0.1045707   0.0882381   0.0780913   0.0715885   0.0672315   0.0643332   0.0625264
   8.1731938   0.0306296   0.1155556   0.1121943   0.0967996   0.0847559   0.0768312   0.0714967   0.0677641   0.0652116   0.0635932
   8.1962820   0.0054346   0.0750131   0.0927597   0.0875046   0.0804463   0.0751180   0.0711356   0.0681319   0.0659932   0.0646077
   8.2193701   0.0006295   0.0438058   0.0733017   0.0774079   0.0756089   0.0730816   0.0705639   0.0683637   0.0666927   0.0655771
   8.2424582   0.0000476   0.0230849   0.0555110   0.0672489   0.0705664   0.0708624   0.0698458   0.0684915   0.0673267   0.0665096
   8.2655463   0.0000025   0.0111433   0.0405294   0.0577185   0.0656416   0.0686029   0.0690478   0.0685494   0.0679136   0.0674145
   8.2886344   0.0000023   0.0052650   0.0289261   0.0494098   0.0611351   0.0664398   0.0682361   0.0685728   0.0684730   0.0683018
   8.3117225   0.0000272   0.0030222   0.0208029   0.0427846   0.0573062   0.0644965   0.0674738   0.0685971   0.0690246   0.0691817
   8.3348107   0.0002127   0.0027576   0.0159716   0.0381580   0.0543560   0.0628768   0.0668187   0.0686564   0.0695884   0.0700648
   8.3578988   0.0010871   0.0035168   0.0141407   0.0356968   0.0524174   0.0616600   0.0663211   0.0687831   0.0701835   0.0709611
   8.3809869   0.0036273   0.0048289   0.0150574   0.0354252   0.0515484   0.0608985   0.0660227   0.0690064   0.0708282   0.0718800
   8.4040750   0.0079011   0.0066090   0.0185759   0.0372359   0.0517332   0.0606170   0.0659558   0.0693523   0.0715389   0.0728303
   8.4271631   0.0112353   0.0092664   0.0246409   0.0409018   0.0528869   0.0608137   0.0661432   0.0698428   0.0723300   0.0738192
   8.4502513   0.0104320   0.0139133   0.0331966   0.0460880   0.0548661   0.0614641   0.0665988   0.0704954   0.0732137   0.0748528
   8.4733394   0.0063638   0.0224102   0.0440499   0.0523677   0.0574838   0.0625256   0.0673280   0.0713235   0.0741993   0.0759354
   8.4964275   0.0030508   0.0369288   0.0567315   0.0592434   0.0605271   0.0639438   0.0683297   0.0723357   0.0752931   0.0770694
   8.5195156   0.0052296   0.0588703   0.0704059   0.0661769   0.0637766   0.0656585   0.0695970   0.0735361   0.0764984   0.0782553
   8.5426037   0.0250396   0.0874236   0.0838779   0.0726294   0.0670271   0.0676113   0.0711191   0.0749247   0.0778151   0.0794914
   8.5656918   0.0885331   0.1185788   0.0957163   0.0781103   0.0701064   0.0697503   0.0728828   0.0764970   0.0792399   0.0807737
   8.5887800   0.2051905   0.1455740   0.1044845   0.0822292   0.0728915   0.0720357   0.0748730   0.0782447   0.0807659   0.0820963
   8.6118681   0.3104985   0.1611140   0.1090256   0.0847455   0.0753204   0.0744425   0.0770741   0.0801555   0.0823831   0.0834509
   8.6349562   0.3067320   0.1604794   0.1087257   0.0856060   0.0773982   0.0769619   0.0794698   0.0822133   0.0840783   0.0848271
   8.6580443   0.1978128   0.1437580   0.1036788   0.0849645   0.0791967   0.0795999   0.0820433   0.0843986   0.0858349   0.0862125
   8.6811324   0.0832810   0.1157843   0.0947068   0.0831770   0.0808464   0.0823751   0.0847764   0.0866879   0.0876338   0.0875929
   8.7042206   0.0228899   0.0838436   0.0832316   0.0807716   0.0825227   0.0853136   0.0876488   0.0890548   0.0894531   0.0889525
   8.7273087   0.0041082   0.0546248   0.0710441   0.0783954   0.0844265   0.0884431   0.0906370   0.0914691   0.0912685   0.0902741
   8.7503968   0.0004827   0.0321601   0.0600350   0.0767433   0.0867605   0.0917864   0.0937129   0.0938976   0.0930537   0.0915392
   8.7734849   0.0000382   0.0175576   0.0519518   0.0764786   0.0897046   0.0953548   0.0968425   0.0963041   0.0947809   0.0927288
   8.7965730   0.0000026   0.0101407   0.0482172   0.0781537   0.0933925   0.0991415   0.0999853   0.0986496   0.0964211   0.0938229
   8.8196611   0.0000005   0.0090296   0.0498118   0.0821408   0.0978910   0.1031170   0.1030937   0.1008930   0.0979445   0.0948020
   8.8427493   0.0000049   0.0143318   0.0572024   0.0885822   0.1031863   0.1072263   0.1061126   0.1029915   0.0993212   0.0956462
   8.8658374   0.0000895   0.0274866   0.0702958   0.0973634   0.1091766   0.1113873   0.1089804   0.1049012   0.1005219   0.0963366
   8.8889255   0.0010737   0.0505919   0.0884137   0.1081145   0.1156738   0.1154928   0.1116298   0.1065784   0.1015179   0.0968550
   8.9120136   0.0084109   0.0848157   0.1103092   0.1202383   0.1224134   0.1194142   0.1139901   0.1079802   0.1022824   0.0971846
   8.9351017   0.0430136   0.1285040   0.1342518   0.1329634   0.1290720   0.1230075   0.1159888   0.1090655   0.1027907   0.0973102
   8.9581899   0.1436030   0.1761698   0.1581980   0.1454143   0.1352903   0.1261209   0.1175549   0.1097967   0.1030207   0.0972188
   8.9812780   0.3129889   0.2195391   0.1800341   0.1566926   0.1407003   0.1286039   0.1186219   0.1101402   0.1029538   0.0968992
   9.0043661   0.4454750   0.2507013   0.1978471   0.1659594   0.1449537   0.1303158   0.1191303   0.1100680   0.1025749   0.0963431
   9.0274542   0.4153196   0.2656782   0.2101597   0.1725096   0.1477486   0.1311355   0.1190310   0.1095584   0.1018734   0.0955447
   9.0505423   0.2621687   0.2659133   0.2160780   0.1758315   0.1488520   0.1309689   0.1182879   0.1085971   0.1008429   0.0945012
   9.0736304   0.1489529   0.2564282   0.2153277   0.1756444   0.1481168   0.1297549   0.1168798   0.1071776   0.0994819   0.0932126
   9.0967186   0.1674413   0.2419796   0.2081972   0.1719137   0.1454920   0.1274705   0.1148018   0.1053021   0.0977937   0.0916820
   9.1198067   0.2685484   0.2241909   0.1954252   0.1648415   0.1410239   0.1241314   0.1120663   0.1029811   0.0957866   0.0899155
   9.1428948   0.3219162   0.2017335   0.1780782   0.1548366   0.1348512   0.1197926   0.1087026   0.1002336   0.0934735   0.0879220
   9.1659829   0.2553211   0.1729861   0.1574378   0.1424685   0.1271923   0.1145443   0.1047562   0.0970868   0.0908718   0.0857134
   9.1890710   0.1323605   0.1386774   0.1348999   0.1284111   0.1183279   0.1085077   0.1002872   0.0935750   0.0880033   0.0833040
   9.2121592   0.0447996   0.1024127   0.1118734   0.1133826   0.1085801   0.1018277   0.0953678   0.0897393   0.0848933   0.0807104
   9.2352473   0.0098993   0.0690152   0.0896684   0.0980871   0.0982897   0.0946656   0.0900800   0.0856260   0.0815704   0.0779514
   9.2583354   0.0014317   0.0422487   0.0693827   0.0831649   0.0877952   0.0871904   0.0845119   0.0812853   0.0780658   0.0750475
   9.2814235   0.0001658   0.0235252   0.0518073   0.0691526   0.0774120   0.0795711   0.0787551   0.0767703   0.0744126   0.0720207
   9.3045116   0.0001772   0.0120671   0.0373764   0.0564582   0.0674175   0.0719686   0.0729008   0.0721352   0.0706452   0.0688938
   9.3275997   0.0005952   0.0059382   0.0261753   0.0453503   0.0580386   0.0645298   0.0670372   0.0674342   0.0667985   0.0656905
   9.3506879   0.0013670   0.0030998   0.0180013   0.0359602   0.0494457   0.0573818   0.0612468   0.0627200   0.0629074   0.0624348
   9.3737760   0.0020509   0.0020190   0.0124587   0.0282961   0.0417498   0.0506287   0.0556039   0.0580424   0.0590057   0.0591505
   9.3968641   0.0020087   0.0018175   0.0090581   0.0222645   0.0350057   0.0443498   0.0501727   0.0534477   0.0551262   0.0558610
   9.4199522   0.0012855   0.0021560   0.0072982   0.0176964   0.0292171   0.0385989   0.0450067   0.0489774   0.0512997   0.0525891
   9.4430403   0.0005545   0.0030284   0.0067166   0.0143742   0.0243449   0.0334056   0.0401477   0.0446679   0.0475546   0.0493564
   9.4661285   0.0003275   0.0045420   0.0069108   0.0120576   0.0203175   0.0287774   0.0356255   0.0405499   0.0439166   0.0461835
   9.4892166   0.0011928   0.0067109   0.0075401   0.0105056   0.0170405   0.0247028   0.0314592   0.0366480   0.0404085   0.0430891
   9.5123047   0.0049017   0.0093038   0.0083198   0.0094932   0.0144073   0.0211550   0.0276570   0.0329813   0.0370499   0.0400905
   9.5353928   0.0134268   0.0118127   0.0090180   0.0088245   0.0123073   0.0180957   0.0242183   0.0295631   0.0338574   0.0372032
   9.5584809   0.0240239   0.0135876   0.0094594   0.0083398   0.0106340   0.0154788   0.0211344   0.0264014   0.0308443   0.0344409
   9.5815690   0.0280619   0.0140941   0.0095331   0.0079189   0.0092902   0.0132543   0.0183906   0.0234995   0.0280207   0.0318151
   9.6046572   0.0213987   0.0131585   0.0091984   0.0074803   0.0081920   0.0113712   0.0159674   0.0208565   0.0253941   0.0293357
   9.6277453   0.0106526   0.0110487   0.0084830   0.0069783   0.0072706   0.0097799   0.0138422   0.0184681   0.0229691   0.0270105
   9.6508334   0.0034619   0.0083409   0.0074707   0.0063969   0.0064725   0.0084348   0.0119907   0.0163272   0.0207478   0.0248456
   9.6739215   0.0007345   0.0056604   0.0062796   0.0057432   0.0057593   0.0072948   0.0103880   0.0144244   0.0187303   0.0228452
   9.6970096   0.0001017   0.0034530   0.0050365   0.0050394   0.0051054   0.0063249   0.0090102   0.0127490   0.0169149   0.0210120
   9.7200978   0.0000092   0.0018935   0.0038538   0.0043158   0.0044960   0.0054959   0.0078345   0.0112897   0.0152982   0.0193471
   9.7431859   0.0000006   0.0009333   0.0028130   0.0036044   0.0039243   0.0047848   0.0068406   0.0100345   0.0138757   0.0178504
   9.7662740   0.0000001   0.0004135   0.0019585   0.0029341   0.0033894   0.0041742   0.0060105   0.0089719   0.0126418   0.0165203
   9.7893621   0.0000001   0.0001647   0.0013006   0.0023273   0.0028942   0.0036521   0.0053295   0.0080908   0.0115903   0.0153541
   9.8124502   0.0000001   0.0000590   0.0008238   0.0017984   0.0024431   0.0032108   0.0047856   0.0073809   0.0107143   0.0143482
   9.8355383   0.0000001   0.0000190   0.0004976   0.0013539   0.0020416   0.0028468   0.0043700   0.0068329   0.0100067   0.0134980
   9.8586265   0.0000001   0.0000055   0.0002867   0.0009936   0.0016949   0.0025599   0.0040765   0.0064385   0.0094602   0.0127982
   9.8817146   0.0000000   0.0000015   0.0001576   0.0007118   0.0014080   0.0023529   0.0039016   0.0061906   0.0090670   0.0122426
   9.9048027   0.0000000   0.0000004   0.0000826   0.0005001   0.0011860   0.0022312   0.0038441   0.0060826   0.0088197   0.0118247
   9.9278908   0.0000000   0.0000001   0.0000413   0.0003488   0.0010347   0.0022023   0.0039044   0.0061091   0.0087103   0.0115372
   9.9509789   0.0000000   0.0000000   0.0000198   0.0002496   0.0009610   0.0022754   0.0040845   0.0062650   0.0087310   0.0113723
   9.9740671   0.0000000   0.0000000   0.0000093   0.0001966   0.0009744   0.0024615   0.0043870   0.0065455   0.0088737   0.0113218
   9.9971552   0.0000000   0.0000000   0.0000050   0.0001884   0.0010870   0.0027725   0.0048150   0.0069459   0.0091300   0.0113772
  10.0202433   0.0000000   0.0000000   0.0000046   0.0002294   0.0013151   0.0032210   0.0053712   0.0074612   0.0094914   0.0115294
  10.0433314   0.0000000   0.0000000   0.0000083   0.0003318   0.0016788   0.0038198   0.0060575   0.0080854   0.0099487   0.0117692
  10.0664195   0.0000000   0.0000000   0.0000191   0.0005169   0.0022020   0.0045807   0.0068743   0.0088122   0.0104924   0.0120868
  10.0895076   0.0000000   0.0000000   0.0000443   0.0008168   0.0029119   0.0055139   0.0078200   0.0096337   0.0111125   0.0124724
  10.1125958   0.0000000   0.0000000   0.0000992   0.0012759   0.0038376   0.0066269   0.0088903   0.0105407   0.0117984   0.0129156
  10.1356839   0.0000000   0.0000002   0.0002122   0.0019512   0.0050078   0.0079232   0.0100782   0.0115226   0.0125387   0.0134062
  10.1587720   0.0000000   0.0000012   0.0004329   0.0029108   0.0064481   0.0094013   0.0113731   0.0125673   0.0133217   0.0139336
  10.1818601   0.0000000   0.0000055   0.0008421   0.0042310   0.0081776   0.0110532   0.0127609   0.0136607   0.0141351   0.0144871
  10.2049482   0.0000000   0.0000222   0.0015625   0.0059896   0.0102055   0.0128640   0.0142237   0.0147875   0.0149661   0.0150562
  10.2280364   0.0000000   0.0000801   0.0027650   0.0082567   0.0125270   0.0148108   0.0157400   0.0159309   0.0158015   0.0156303
  10.2511245   0.0000000   0.0002599   0.0046665   0.0110829   0.0151203   0.0168626   0.0172850   0.0170728   0.0166280   0.0161990
  10.2742126   0.0000000   0.0007584   0.0075112   0.0144854   0.0179442   0.0189804   0.0188311   0.0181944   0.0174323   0.0167522
  10.2973007   0.0000000   0.0019895   0.0115306   0.0184346   0.0209365   0.0211181   0.0203482   0.0192765   0.0182012   0.0172802
  10.3203888   0.0000010   0.0046909   0.0168816   0.0228435   0.0240155   0.0232235   0.0218049   0.0202995   0.0189220   0.0177738
  10.3434769   0.0000210   0.0099418   0.0235720   0.0275623   0.0270818   0.0252406   0.0231695   0.0212447   0.0195823   0.0182243
  10.3665651   0.0002771   0.0189399   0.0313907   0.0323812   0.0300234   0.0271117   0.0244105   0.0220938   0.0201710   0.0186239
  10.3896532   0.0023827   0.0324330   0.0398683   0.0370421   0.0327217   0.0287796   0.0254984   0.0228302   0.0206776   0.0189654
  10.4127413   0.0133752   0.0499225   0.0482921   0.0412594   0.0350594   0.0301911   0.0264064   0.0234391   0.0210933   0.0192428
  10.4358294   0.0490155   0.0690724   0.0557887   0.0447481   0.0369288   0.0312993   0.0271115   0.0239081   0.0214104   0.0194506
  10.4589175   0.1172629   0.0859036   0.0614665   0.0472554   0.0382400   0.0320665   0.0275954   0.0242273   0.0216231   0.0195850
  10.4820057   0.1831401   0.0960322   0.0645880   0.0485906   0.0389281   0.0324657   0.0278455   0.0243898   0.0217270   0.0196428
  10.5050938   0.1867248   0.0964987   0.0647273   0.0486495   0.0389582   0.0324830   0.0278550   0.0243920   0.0217199   0.0196222
  10.5281819   0.1242842   0.0871615   0.0618649   0.0474274   0.0383290   0.0321177   0.0276235   0.0242334   0.0216013   0.0195225
  10.5512700   0.0540039   0.0707664   0.0563928   0.0450200   0.0370722   0.0313825   0.0271568   0.0239169   0.0213724   0.0193442
  10.5743581   0.0153190   0.0516450   0.0490257   0.0416108   0.0352501   0.0303031   0.0264669   0.0234484   0.0210364   0.0190886
  10.5974462   0.0028368   0.0338789   0.0406487   0.0374482   0.0329507   0.0289163   0.0255712   0.0228369   0.0205981   0.0187586
  10.6205344   0.0003429   0.0199769   0.0321433   0.0328156   0.0302803   0.0272680   0.0244918   0.0220941   0.0200640   0.0183577
  10.6436225   0.0000271   0.0105883   0.0242413   0.0279998   0.0273557   0.0254109   0.0232547   0.0212337   0.0194418   0.0178903
  10.6667106   0.0000014   0.0050446   0.0174359   0.0232624   0.0242956   0.0234014   0.0218888   0.0202715   0.0187406   0.0173618
  10.6897987   0.0000000   0.0021603   0.0119606   0.0188182   0.0212128   0.0212970   0.0204247   0.0192246   0.0179702   0.0167781
  10.7128868   0.0000000   0.0008316   0.0078250   0.0148227   0.0182080   0.0191536   0.0188934   0.0181107   0.0171413   0.0161458
  10.7359750   0.0000000   0.0002877   0.0048824   0.0113684   0.0153644   0.0170231   0.0173254   0.0169481   0.0162651   0.0154719
  10.7590631   0.0000000   0.0000895   0.0029054   0.0084898   0.0127457   0.0149514   0.0157499   0.0157549   0.0153527   0.0147634
  10.7821512   0.0000000   0.0000250   0.0016489   0.0061734   0.0103945   0.0129772   0.0141936   0.0145485   0.0144157   0.0140278
  10.8052393   0.0000000   0.0000063   0.0008925   0.0043709   0.0083336   0.0111311   0.0126803   0.0133453   0.0134648   0.0132724
  10.8283274   0.0000000   0.0000014   0.0004607   0.0030133   0.0065683   0.0094351   0.0112301   0.0121603   0.0125107   0.0125044
  10.8514155   0.0000000   0.0000003   0.0002268   0.0020227   0.0050894   0.0079034   0.0098597   0.0110069   0.0115632   0.0117310
  10.8745037   0.0000000   0.0000001   0.0001065   0.0013221   0.0038768   0.0065423   0.0085814   0.0098968   0.0106314   0.0109587
  10.8975918   0.0000000   0.0000000   0.0000477   0.0008414   0.0029032   0.0053519   0.0074042   0.0088396   0.0097234   0.0101937
  10.9206799   0.0000000   0.0000000   0.0000204   0.0005214   0.0021373   0.0043265   0.0063331   0.0078428   0.0088463   0.0094419
  10.9437680   0.0000000   0.0000000   0.0000083   0.0003146   0.0015468   0.0034564   0.0053700   0.0069123   0.0080060   0.0087084
  10.9668561   0.0000000   0.0000000   0.0000032   0.0001848   0.0011006   0.0027288   0.0045139   0.0060517   0.0072076   0.0079978
  10.9899443   0.0000000   0.0000000   0.0000012   0.0001057   0.0007698   0.0021290   0.0037614   0.0052630   0.0064547   0.0073139
  11.0130324   0.0000000   0.0000000   0.0000004   0.0000589   0.0005293   0.0016414   0.0031072   0.0045468   0.0057501   0.0066601
  11.0361205   0.0000000   0.0000000   0.0000001   0.0000319   0.0003578   0.0012506   0.0025445   0.0039019   0.0050955   0.0060389
  11.0592086   0.0000000   0.0000000   0.0000000   0.0000169   0.0002378   0.0009417   0.0020657   0.0033263   0.0044917   0.0054524
  11.0822967   0.0000000   0.0000000   0.0000000   0.0000087   0.0001554   0.0007007   0.0016624   0.0028167   0.0039387   0.0049019
  11.1053848   0.0000000   0.0000000   0.0000000   0.0000043   0.0000998   0.0005152   0.0013263   0.0023694   0.0034357   0.0043882
  11.1284730   0.0000000   0.0000000   0.0000000   0.0000021   0.0000630   0.0003744   0.0010490   0.0019799   0.0029811   0.0039117
  11.1515611   0.0000000   0.0000000   0.0000000   0.0000010   0.0000391   0.0002688   0.0008224   0.0016434   0.0025731   0.0034721
  11.1746492   0.0000000   0.0000000   0.0000000   0.0000005   0.0000239   0.0001908   0.0006392   0.0013550   0.0022093   0.0030687
  11.1977373   0.0000000   0.0000000   0.0000000   0.0000002   0.0000143   0.0001338   0.0004925   0.0011099   0.0018870   0.0027007
  11.2208254   0.0000000   0.0000000   0.0000000   0.0000001   0.0000084   0.0000927   0.0003762   0.0009030   0.0016032   0.0023667
  11.2439136   0.0000000   0.0000000   0.0000000   0.0000000   0.0000049   0.0000635   0.0002849   0.0007298   0.0013550   0.0020652
  11.2670017   0.0000000   0.0000000   0.0000000   0.0000000   0.0000028   0.0000430   0.0002139   0.0005859   0.0011391   0.0017945
  11.2900898   0.0000000   0.0000000   0.0000000   0.0000000   0.0000016   0.0000287   0.0001591   0.0004673   0.0009527   0.0015526
  11.3131779   0.0000000   0.0000000   0.0000000   0.0000000   0.0000009   0.0000190   0.0001174   0.0003702   0.0007925   0.0013375
  11.3362660   0.0000000   0.0000000   0.0000000   0.0000000   0.0000005   0.0000124   0.0000859   0.0002913   0.0006559   0.0011474
  11.3593541   0.0000000   0.0000000   0.0000000   0.0000000   0.0000002   0.0000080   0.0000622   0.0002277   0.0005399   0.0009801
  11.3824423   0.0000000   0.0000000   0.0000000   0.0000000   0.0000001   0.0000051   0.0000447   0.0001769   0.0004421   0.0008336
  11.4055304   0.0000000   0.0000000   0.0000000   0.0000000   0.0000001   0.0000032   0.0000319   0.0001364   0.0003601   0.0007060
  11.4286185   0.0000000   0.0000000   0.0000000   0.0000000   0.0000000   0.0000020   0.0000225   0.0001045   0.0002918   0.0005954
  11.4517066   0.0000000   0.0000000   0.0000000   0.0000000   0.0000000   0.0000012   0.0000158   0.0000796   0.0002352   0.0005000
  11.4747947   0.0000000   0.0000000   0.0000000   0.0000000   0.0000000   0.0000008   0.0000109   0.0000602   0.0001886   0.0004181
  11.4978829   0.0000000   0.0000000   0.0000000   0.0000000   0.0000000   0.0000005   0.0000075   0.0000452   0.0001504   0.0003481
  11.5209710   0.0000000   0.0000000   0.0000000   0.0000000   0.0000000   0.0000003   0.0000051   0.0000337   0.0001193   0.0002886
  11.5440591   0.0000000   0.0000000   0.0000000   0.0000000   0.0000000   0.0000002   0.0000035   0.0000250   0.0000942   0.0002383
 Integrated el-ph coupling
  #            0.1608855   0.1609029   0.1609318   0.1609723   0.1610246   0.1610886   0.1611645   0.1612521   0.1613512   0.1614608
 Phonon smearing (meV)
  #            0.0500000   0.1000000   0.1500000   0.2000000   0.2500000   0.3000000   0.3500000   0.4000000   0.4500000   0.5000000
 Electron smearing (eV)   0.1000000
 Fermi window (eV)   6.0000000
 Summed el-ph coupling    0.1608797
